0,273
0,270
10,258
10,170
10,192
10,78
10,72
8,16
8,11
8,4
8,12
8,9
8,1
8,7
75,4
75,3
75,1
73,3
73,1
26,3
26,2
26,1
26,0
20,3
20,2
20,1
19,3
19,2
19,1
12,3
12,2
12,1
11,30
11,29
11,28
11,27
11,26
11,25
11,24
11,23
11,22
11,21
11,20
11,19
11,18
11,17
11,16
11,15
11,14
11,13
11,12
11,11
11,10
11,9
11,8
11,7
11,6
11,5
11,4
11,3
11,2
11,1
10,314
10,310
10,309
10,308
10,278
10,262
10,256
10,254
10,248
10,244
10,236
10,235
10,230
10,228
10,226
10,222
10,221
10,220
10,214
10,208
18,1
10,207
18,3
10,202
10,198
10,190
10,188
10,180
10,178
10,168
14,1
10,158
10,138
14,3
10,136
13,1
10,132
13,3
10,128
10,126
10,122
10,118
10,105
10,100
10,99
10,84
10,82
10,66
10,33
10,32
10,30
10,28
10,23
10,20
10,12
